
ERROR

ERROR

ERROR

ERROR

ERROR

ERROR

ERROR

ERROR

ERROR

ERROR

ERROR

ERROR

ERROR

ERROR

ERROR

ERROR

ERROR

ERROR

ERROR

ERROR

ERROR

ERROR

ERROR

ERROR

+QSCAN: "LTE",404,70,515,352,-131,-18,-6,16,DD76C21,2F8,75,1
+QSCAN: "LTE",404,70,3586,403,-130,-16,-5,19,DD76C17,2F8,25,8
+QSCAN: "LTE",405,868,38750,185,-117,-12,11,116,489A12,60,100,40
+QSCAN: "LTE",405,868,2500,437,-105,-7,23,121,489A32,60,50,5
+QSCAN: "LTE",405,868,38948,359,-121,-16,7,113,112014,60,100,40
+QSCAN: "LTE",405,868,38948,135,-120,-15,8,113,489A15,60,100,40
+QSCAN: "LTE",405,868,1301,64,-120,-19,9,109,112024,60,100,3
+QSCAN: "LTE",405,19,1301,64,-120,-19,9,109,112024,60,100,3
+QSCAN: "LTE",404,70,1551,184,-133,-19,-9,16,DD76C03,2F8,50,3
+QSCAN: "LTE",404,60,265,485,-134,-19,-10,16,61F2A21,E87B,75,1
+QSCAN: "LTE",404,70,39150,48,-132,-19,-8,16,7BCEC0D,2F8,100,40
+QSCAN: "LTE",404,60,1451,485,-137,-22,-12,12,61F2A17,E87B,50,3

OK

+QSCAN: "LTE",404,60,265,485,-134,-19,-10,15,61F2A21,E87B,75,1
+QSCAN: "LTE",404,70,1551,184,-129,-16,-5,14,DD76C03,2F8,50,3
+QSCAN: "LTE",405,868,1301,64,-121,-22,7,107,112024,60,100,3
+QSCAN: "LTE",405,19,1301,64,-121,-22,7,107,112024,60,100,3
+QSCAN: "LTE",405,868,38948,359,-116,-12,12,113,112014,60,100,40
+QSCAN: "LTE",405,868,2500,437,-106,-8,22,120,489A32,60,50,5
+QSCAN: "LTE",405,868,38750,185,-117,-12,11,113,489A12,60,100,40
+QSCAN: "LTE",404,70,515,353,-128,-15,-4,14,DD76C1F,2F8,75,1

OK

+QSCAN: "LTE",404,70,515,352,-131,-19,-7,16,DD76C21,2F8,75,1
+QSCAN: "LTE",405,868,38750,185,-116,-11,12,114,489A12,60,100,40
+QSCAN: "LTE",405,868,2500,437,-106,-8,23,120,489A32,60,50,5
+QSCAN: "LTE",405,868,38948,135,-120,-16,8,113,489A15,60,100,40
+QSCAN: "LTE",405,868,38948,359,-120,-14,8,114,112014,60,100,40
+QSCAN: "LTE",405,868,1301,64,-120,-22,9,106,112024,60,100,3
+QSCAN: "LTE",405,19,1301,64,-120,-22,9,106,112024,60,100,3
+QSCAN: "LTE",404,70,1551,184,-134,-20,-10,15,DD76C03,2F8,50,3
+QSCAN: "LTE",404,60,265,485,-136,-22,-12,15,61F2A21,E87B,75,1
+QSCAN: "LTE",404,70,39150,48,-133,-19,-9,15,7BCEC0D,2F8,100,40

OK

+QSCAN: "LTE",404,60,265,485,-133,-18,-9,16,61F2A21,E87B,75,1
+QSCAN: "LTE",404,70,1551,184,-128,-15,-4,15,DD76C03,2F8,50,3
+QSCAN: "LTE",405,868,1301,64,-120,-21,8,108,112024,60,100,3
+QSCAN: "LTE",405,19,1301,64,-120,-21,8,108,112024,60,100,3
+QSCAN: "LTE",405,868,38948,135,-120,-21,-,0,489A15,60,-,40
+QSCAN: "LTE",405,868,38948,359,-119,-14,10,115,112014,60,100,40
+QSCAN: "LTE",405,868,2500,437,-105,-8,23,119,489A32,60,50,5
+QSCAN: "LTE",405,868,38750,185,-117,-12,11,114,489A12,60,100,40
+QSCAN: "LTE",404,70,515,352,-133,-20,-8,14,DD76C21,2F8,75,1
+QSCAN: "LTE",404,70,3586,403,-127,-13,-3,16,DD76C17,2F8,25,8

OK

+QSCAN: "LTE",404,70,3586,403,-127,-12,-3,16,DD76C17,2F8,25,8
+QSCAN: "LTE",404,70,515,352,-134,-21,-9,14,DD76C21,2F8,75,1
+QSCAN: "LTE",404,70,515,353,-131,-18,-7,16,DD76C1F,2F8,75,1
+QSCAN: "LTE",405,868,38750,185,-116,-10,12,115,489A12,60,100,40
+QSCAN: "LTE",405,868,2500,437,-106,-8,23,121,489A32,60,50,5
+QSCAN: "LTE",405,868,38948,359,-121,-16,7,113,112014,60,100,40
+QSCAN: "LTE",405,868,1301,64,-121,-21,8,107,112024,60,100,3
+QSCAN: "LTE",405,19,1301,64,-121,-21,8,107,112024,60,100,3
+QSCAN: "LTE",404,70,1551,184,-134,-19,-9,15,DD76C03,2F8,50,3
+QSCAN: "LTE",404,60,265,485,-133,-18,-9,16,61F2A21,E87B,75,1
+QSCAN: "NR5G",405,868,156750,227,-105,-11,12,0,0C0010012,60,52,28,20,2,-
+QSCAN: "NR5G",405,868,632064,314,-120,-14,-3,1,0C0010032,60,78,78,34,2,-

OK

+QSCAN: "LTE",404,60,265,485,-134,-19,-10,16,61F2A21,E87B,75,1
+QSCAN: "LTE",404,70,1551,184,-127,-14,-3,17,DD76C03,2F8,50,3
+QSCAN: "LTE",405,868,1301,64,-123,-22,6,107,112024,60,100,3
+QSCAN: "LTE",405,19,1301,64,-123,-22,6,107,112024,60,100,3
+QSCAN: "LTE",405,868,38948,95,-123,-22,-,0,489A1B,60,-,40
+QSCAN: "LTE",405,868,38948,359,-119,-12,10,117,112014,60,100,40
+QSCAN: "LTE",405,868,2500,437,-105,-12,23,116,489A32,60,50,5
+QSCAN: "LTE",405,868,38750,185,-119,-15,10,113,489A12,60,100,40
+QSCAN: "LTE",405,868,38750,34,-120,-17,9,112,489A18,60,100,40
+QSCAN: "LTE",404,70,515,353,-134,-21,-9,14,DD76C1F,2F8,75,1
+QSCAN: "LTE",404,70,3586,403,-132,-19,-8,15,DD76C17,2F8,25,8
+QSCAN: "NR5G",405,868,632064,314,-119,-13,-2,1,0C0010032,60,78,78,34,2,-
+QSCAN: "NR5G",405,868,156750,227,-105,-11,13,0,0C0010012,60,52,28,20,2,-

OK

+QSCAN: "LTE",404,70,3586,353,-,-,-,0,DD76C15,2F8,-,8
+QSCAN: "LTE",404,70,3586,403,-130,-17,-6,18,DD76C17,2F8,25,8
+QSCAN: "LTE",404,70,515,352,-132,-20,-8,14,DD76C21,2F8,75,1
+QSCAN: "LTE",405,868,38750,185,-117,-12,11,114,489A12,60,100,40
+QSCAN: "LTE",405,868,2500,437,-106,-12,23,117,489A32,60,50,5
+QSCAN: "LTE",405,868,38948,95,-124,-19,5,110,489A1B,60,100,40
+QSCAN: "LTE",405,868,38948,135,-121,-16,8,113,489A15,60,100,40
+QSCAN: "LTE",405,868,1301,64,-121,-20,7,108,112024,60,100,3
+QSCAN: "LTE",405,19,1301,64,-121,-20,7,108,112024,60,100,3
+QSCAN: "LTE",404,70,1551,184,-134,-20,-10,14,DD76C03,2F8,50,3
+QSCAN: "LTE",404,60,265,485,-134,-18,-9,16,61F2A21,E87B,75,1
+QSCAN: "NR5G",405,868,156750,227,-105,-11,13,0,0C0010012,60,52,28,20,2,-
+QSCAN: "NR5G",405,868,632064,314,-120,-14,-3,1,0C0010032,60,78,78,34,2,-

OK

+QSCAN: "LTE",404,70,3586,403,-131,-16,-7,14,DD76C17,2F8,25,8
+QSCAN: "LTE",404,70,515,353,-132,-19,-7,16,DD76C1F,2F8,75,1
+QSCAN: "LTE",404,60,265,485,-134,-19,-10,16,61F2A21,E87B,75,1
+QSCAN: "LTE",405,868,38750,185,-123,-18,5,111,489A12,60,100,40
+QSCAN: "LTE",405,868,2500,437,-106,-8,23,120,489A32,60,50,5
+QSCAN: "LTE",405,868,38948,135,-118,-12,10,111,489A15,60,100,40

OK

+QSCAN: "LTE",405,868,38948,135,-118,-12,10,112,489A15,60,100,40
+QSCAN: "LTE",405,868,2500,437,-105,-8,24,121,489A32,60,50,5
+QSCAN: "LTE",405,868,38750,185,-120,-12,8,112,489A12,60,100,40
+QSCAN: "LTE",404,70,3586,353,-126,-12,-1,22,DD76C15,2F8,25,8

OK

+QSCAN: "LTE",405,868,1301,64,-123,-20,5,108,112024,60,100,3
+QSCAN: "LTE",405,19,1301,64,-123,-20,5,108,112024,60,100,3
+QSCAN: "LTE",405,868,38750,85,-120,-12,8,112,112011,60,100,40
+QSCAN: "LTE",405,19,38750,85,-120,-12,8,112,112011,60,100,40
+QSCAN: "LTE",405,868,2500,437,-106,-8,22,120,489A32,60,50,5
+QSCAN: "LTE",405,868,38948,135,-123,-14,5,112,489A15,60,100,40

OK

+QSCAN: "LTE",404,70,515,353,-132,-18,-7,16,DD76C1F,2F8,75,1
+QSCAN: "LTE",405,868,1251,74,-113,-14,15,115,489A25,60,50,3
+QSCAN: "LTE",405,868,38750,185,-117,-11,11,114,489A12,60,100,40
+QSCAN: "LTE",405,868,2500,437,-103,-8,25,120,489A32,60,50,5
+QSCAN: "LTE",405,868,38948,359,-122,-17,6,111,112014,60,100,40
+QSCAN: "LTE",405,868,38948,135,-119,-15,9,113,489A15,60,100,40
+QSCAN: "LTE",405,868,1301,64,-121,-20,7,109,112024,60,100,3
+QSCAN: "LTE",405,19,1301,64,-121,-20,7,109,112024,60,100,3
+QSCAN: "LTE",404,70,3586,403,-130,-15,-6,30,DD76C17,2F8,25,8

OK

+QSCAN: "LTE",404,70,3586,403,-132,-17,-8,29,DD76C17,2F8,25,8
+QSCAN: "LTE",405,868,1301,64,-121,-20,8,108,112024,60,100,3
+QSCAN: "LTE",405,19,1301,64,-121,-20,8,108,112024,60,100,3
+QSCAN: "LTE",405,868,38948,135,-117,-9,11,115,489A15,60,100,40
+QSCAN: "LTE",405,868,2500,437,-103,-8,25,120,489A32,60,50,5
+QSCAN: "LTE",405,868,38750,185,-117,-10,11,114,489A12,60,100,40
+QSCAN: "LTE",405,868,1251,74,-114,-14,15,114,489A25,60,50,3
+QSCAN: "LTE",404,70,515,352,-127,-16,-3,14,DD76C21,2F8,75,1

OK

+QSCAN: "LTE",404,70,515,353,-126,-15,-2,15,DD76C1F,2F8,75,1
+QSCAN: "LTE",405,868,1251,74,-113,-14,15,115,489A25,60,50,3
+QSCAN: "LTE",405,868,38750,185,-117,-11,11,114,489A12,60,100,40
+QSCAN: "LTE",405,868,2500,437,-103,-7,26,122,489A32,60,50,5
+QSCAN: "LTE",405,868,38948,359,-121,-16,7,113,112014,60,100,40
+QSCAN: "LTE",405,868,38948,135,-119,-13,9,115,489A15,60,100,40
+QSCAN: "LTE",405,868,1301,64,-122,-20,7,109,112024,60,100,3
+QSCAN: "LTE",405,19,1301,64,-122,-20,7,109,112024,60,100,3
+QSCAN: "LTE",404,70,3586,403,-131,-16,-7,15,DD76C17,2F8,25,8

OK

+QSCAN: "LTE",404,70,3586,403,-134,-18,-9,16,DD76C17,2F8,25,8
+QSCAN: "LTE",405,868,1301,64,-121,-21,7,108,112024,60,100,3
+QSCAN: "LTE",405,19,1301,64,-121,-21,7,108,112024,60,100,3
+QSCAN: "LTE",405,868,38948,359,-121,-15,7,114,112014,60,100,40
+QSCAN: "LTE",405,868,38948,135,-119,-14,9,114,489A15,60,100,40
+QSCAN: "LTE",405,868,2500,437,-103,-7,26,121,489A32,60,50,5
+QSCAN: "LTE",405,868,38750,185,-120,-15,9,114,489A12,60,100,40
+QSCAN: "LTE",405,868,1251,74,-113,-14,15,115,489A25,60,50,3
+QSCAN: "LTE",404,70,515,353,-132,-19,-7,15,DD76C1F,2F8,75,1
+QSCAN: "LTE",404,70,515,352,-131,-19,-6,16,DD76C21,2F8,75,1

OK

+QSCAN: "LTE",404,70,515,352,-131,-18,-6,16,DD76C21,2F8,75,1
+QSCAN: "LTE",405,868,1251,74,-113,-15,15,113,489A25,60,50,3
+QSCAN: "LTE",405,868,38750,185,-118,-11,10,114,489A12,60,100,40
+QSCAN: "LTE",405,868,2500,437,-104,-9,24,120,489A32,60,50,5
+QSCAN: "LTE",405,868,38948,135,-117,-10,11,115,489A15,60,100,40
+QSCAN: "LTE",405,868,1301,64,-123,-22,6,107,112024,60,100,3
+QSCAN: "LTE",405,19,1301,64,-123,-22,6,107,112024,60,100,3
+QSCAN: "LTE",404,70,3586,403,-130,-15,-6,31,DD76C17,2F8,25,8
+QSCAN: "NR5G",405,868,156750,227,-111,-11,7,0,0C0010012,60,52,28,20,2,-
+QSCAN: "NR5G",405,868,634080,314,-122,-18,-5,1,0C0010002,60,273,78,36,2,-

OK

+QSCAN: "LTE",404,70,3586,403,-134,-18,-10,17,DD76C17,2F8,25,8
+QSCAN: "LTE",405,868,1301,64,-120,-22,8,106,112024,60,100,3
+QSCAN: "LTE",405,19,1301,64,-120,-22,8,106,112024,60,100,3
+QSCAN: "LTE",405,868,38948,359,-122,-17,6,111,112014,60,100,40
+QSCAN: "LTE",405,868,38948,135,-119,-15,9,113,489A15,60,100,40
+QSCAN: "LTE",405,868,2500,437,-103,-7,26,121,489A32,60,50,5
+QSCAN: "LTE",405,868,38750,185,-118,-11,10,113,489A12,60,100,40
+QSCAN: "LTE",405,868,1251,74,-113,-15,15,113,489A25,60,50,3
+QSCAN: "LTE",404,70,515,353,-131,-18,-6,16,DD76C1F,2F8,75,1
+QSCAN: "NR5G",405,868,634080,314,-123,-17,-5,1,0C0010002,60,273,78,36,2,-

OK

+QSCAN: "LTE",404,70,515,353,-133,-20,-9,14,DD76C1F,2F8,75,1
+QSCAN: "LTE",405,868,1251,74,-113,-14,15,114,489A25,60,50,3
+QSCAN: "LTE",405,868,38750,185,-118,-12,10,113,489A12,60,100,40
+QSCAN: "LTE",405,868,2500,437,-103,-8,26,120,489A32,60,50,5
+QSCAN: "LTE",405,868,38948,359,-122,-16,6,112,112014,60,100,40
+QSCAN: "LTE",405,868,38948,135,-119,-14,10,115,489A15,60,100,40
+QSCAN: "LTE",405,868,1301,64,-120,-19,8,109,112024,60,100,3
+QSCAN: "LTE",405,19,1301,64,-120,-19,8,109,112024,60,100,3
+QSCAN: "NR5G",405,868,156750,227,-110,-11,7,0,0C0010012,60,52,28,20,2,-
+QSCAN: "NR5G",405,868,634080,314,-120,-17,-3,1,0C0010002,60,273,78,36,2,-

OK

ERROR

+QSCAN: "LTE",404,70,3586,403,-129,-14,-5,15,DD76C17,2F8,25,8
+QSCAN: "LTE",404,70,515,353,-132,-19,-7,15,DD76C1F,2F8,75,1
+QSCAN: "LTE",405,868,1251,74,-113,-15,15,113,489A25,60,50,3
+QSCAN: "LTE",405,868,38750,185,-117,-11,11,113,489A12,60,100,40
+QSCAN: "LTE",405,868,2500,437,-103,-9,26,119,489A32,60,50,5
+QSCAN: "LTE",405,868,38948,359,-121,-17,8,111,112014,60,100,40
+QSCAN: "LTE",405,868,38948,135,-119,-17,9,112,489A15,60,100,40
+QSCAN: "LTE",405,868,1301,64,-122,-22,6,107,112024,60,100,3
+QSCAN: "LTE",405,19,1301,64,-122,-22,6,107,112024,60,100,3

OK

+QSCAN: "LTE",405,868,1301,64,-122,-22,6,107,112024,60,100,3
+QSCAN: "LTE",405,19,1301,64,-122,-22,6,107,112024,60,100,3
+QSCAN: "LTE",405,868,38948,359,-120,-16,8,113,112014,60,100,40
+QSCAN: "LTE",405,868,38948,135,-119,-16,9,113,489A15,60,100,40
+QSCAN: "LTE",405,868,2500,437,-103,-11,25,118,489A32,60,50,5
+QSCAN: "LTE",405,868,38750,185,-118,-11,10,113,489A12,60,100,40
+QSCAN: "LTE",405,868,1251,74,-113,-15,15,114,489A25,60,50,3
+QSCAN: "LTE",404,70,515,352,-132,-19,-7,15,DD76C21,2F8,75,1
+QSCAN: "LTE",404,70,3586,403,-134,-20,-9,15,DD76C17,2F8,25,8
+QSCAN: "LTE",404,60,265,485,-136,-20,-11,14,61F2A21,E87B,75,1

OK

+QSCAN: "NR5G",405,868,156750,227,-111,-11,7,0,0C0010012,60,52,28,20,2,-

OK

+QSCAN: "NR5G",405,868,634080,314,-124,-18,-7,1,0C0010002,60,273,78,36,2,-
+QSCAN: "NR5G",405,868,156750,227,-111,-11,6,0,0C0010012,60,52,28,20,2,-

OK

+QSCAN: "LTE",404,70,3586,353,-129,-15,-6,15,DD76C15,2F8,25,8
+QSCAN: "LTE",404,70,515,352,-130,-17,-7,14,DD76C21,2F8,75,1
+QSCAN: "LTE",405,868,1251,74,-113,-15,15,114,489A25,60,50,3
+QSCAN: "LTE",405,868,38750,185,-118,-11,10,113,489A12,60,100,40
+QSCAN: "LTE",405,868,2500,437,-103,-10,25,118,489A32,60,50,5
+QSCAN: "LTE",405,868,38948,359,-120,-17,8,112,112014,60,100,40
+QSCAN: "LTE",405,868,38948,135,-119,-16,9,112,489A15,60,100,40
+QSCAN: "LTE",405,868,1301,64,-121,-21,7,108,112024,60,100,3
+QSCAN: "LTE",405,19,1301,64,-121,-21,7,108,112024,60,100,3

OK

+QSCAN: "NR5G",405,868,156750,227,-111,-11,7,0,0C0010012,60,52,28,20,2,-

OK

+QSCAN: "LTE",405,868,1301,64,-124,-22,5,107,112024,60,100,3
+QSCAN: "LTE",405,19,1301,64,-124,-22,5,107,112024,60,100,3
+QSCAN: "LTE",405,868,38948,359,-120,-17,8,112,112014,60,100,40
+QSCAN: "LTE",405,868,38948,135,-119,-17,9,112,489A15,60,100,40
+QSCAN: "LTE",405,868,2500,437,-103,-11,25,118,489A32,60,50,5
+QSCAN: "LTE",405,868,38750,185,-118,-11,10,113,489A12,60,100,40
+QSCAN: "LTE",405,868,1251,74,-113,-15,16,114,489A25,60,50,3
+QSCAN: "LTE",404,70,515,353,-129,-17,-5,14,DD76C1F,2F8,75,1
+QSCAN: "LTE",404,70,3586,403,-129,-14,-5,31,DD76C17,2F8,25,8

OK

+QSCAN: "LTE",404,70,3586,403,-134,-19,-9,15,DD76C17,2F8,25,8
+QSCAN: "LTE",404,70,515,353,-134,-21,-9,13,DD76C1F,2F8,75,1
+QSCAN: "LTE",405,868,1251,74,-114,-14,15,114,489A25,60,50,3
+QSCAN: "LTE",405,868,38750,185,-119,-11,9,114,489A12,60,100,40
+QSCAN: "LTE",405,868,2500,437,-103,-12,25,117,489A32,60,50,5
+QSCAN: "LTE",405,868,38948,359,-121,-15,7,113,112014,60,100,40
+QSCAN: "LTE",405,868,38948,135,-119,-15,9,113,489A15,60,100,40
+QSCAN: "LTE",405,868,1301,64,-123,-22,6,107,112024,60,100,3
+QSCAN: "LTE",405,19,1301,64,-123,-22,6,107,112024,60,100,3

OK

+QSCAN: "LTE",405,868,1301,64,-121,-17,6,108,112024,60,100,3
+QSCAN: "LTE",405,19,1301,64,-121,-17,6,108,112024,60,100,3
+QSCAN: "LTE",405,868,38948,135,-117,-10,11,113,489A15,60,100,40
+QSCAN: "LTE",405,868,2500,437,-103,-12,25,116,489A32,60,50,5
+QSCAN: "LTE",405,868,38750,185,-119,-11,9,115,489A12,60,100,40
+QSCAN: "LTE",405,868,1251,74,-113,-15,15,114,489A25,60,50,3
+QSCAN: "LTE",404,70,515,353,-129,-17,-5,14,DD76C1F,2F8,75,1
+QSCAN: "LTE",404,70,3586,403,-130,-15,-6,27,DD76C17,2F8,25,8
+QSCAN: "LTE",404,60,265,485,-135,-20,-11,15,61F2A21,E87B,75,1
+QSCAN: "NR5G",405,868,156750,227,-111,-11,6,0,0C0010012,60,52,28,20,2,-

OK

+QSCAN: "LTE",404,70,3586,353,-130,-15,-6,14,DD76C15,2F8,25,8
+QSCAN: "LTE",404,70,515,353,-128,-17,-4,15,DD76C1F,2F8,75,1
+QSCAN: "LTE",405,868,1251,74,-113,-16,15,113,489A25,60,50,3
+QSCAN: "LTE",405,868,38750,185,-118,-11,10,113,489A12,60,100,40
+QSCAN: "LTE",405,868,2500,437,-103,-11,25,118,489A32,60,50,5
+QSCAN: "LTE",405,868,38948,359,-121,-17,8,112,112014,60,100,40
+QSCAN: "LTE",405,868,38948,135,-120,-18,9,111,489A15,60,100,40
+QSCAN: "LTE",405,868,1301,64,-122,-22,7,107,112024,60,100,3
+QSCAN: "LTE",405,19,1301,64,-122,-22,7,107,112024,60,100,3

OK

+QSCAN: "LTE",405,868,1301,64,-122,-22,6,107,112024,60,100,3
+QSCAN: "LTE",405,19,1301,64,-122,-22,6,107,112024,60,100,3
+QSCAN: "LTE",405,868,38948,359,-122,-22,-,0,112014,60,-,40
+QSCAN: "LTE",405,868,38948,135,-119,-16,9,112,489A15,60,100,40
+QSCAN: "LTE",405,868,2500,437,-103,-10,26,119,489A32,60,50,5
+QSCAN: "LTE",405,868,38750,185,-117,-11,11,113,489A12,60,100,40
+QSCAN: "LTE",405,868,1251,74,-113,-16,16,113,489A25,60,50,3
+QSCAN: "LTE",404,70,515,353,-128,-17,-4,14,DD76C1F,2F8,75,1
+QSCAN: "LTE",404,70,3586,353,-131,-15,-7,30,DD76C15,2F8,25,8
+QSCAN: "NR5G",405,868,156750,227,-111,-11,7,0,0C0010012,60,52,28,20,2,-

OK

+QSCAN: "LTE",404,70,3586,403,-130,-14,-6,30,DD76C17,2F8,25,8
+QSCAN: "LTE",404,70,515,352,-131,-19,-7,15,DD76C21,2F8,75,1
+QSCAN: "LTE",405,868,1251,74,-113,-16,15,113,489A25,60,50,3
+QSCAN: "LTE",405,868,38750,185,-117,-10,11,114,489A12,60,100,40
+QSCAN: "LTE",405,868,2500,437,-103,-10,26,118,489A32,60,50,5
+QSCAN: "LTE",405,868,38948,359,-121,-17,7,111,112014,60,100,40
+QSCAN: "LTE",405,868,38948,135,-120,-16,9,113,489A15,60,100,40
+QSCAN: "LTE",405,868,1301,64,-122,-23,7,106,112024,60,100,3
+QSCAN: "LTE",405,19,1301,64,-122,-23,7,106,112024,60,100,3
+QSCAN: "NR5G",405,868,156750,227,-111,-11,6,0,0C0010012,60,52,28,20,2,-

OK

+QSCAN: "LTE",405,868,1301,64,-124,-22,4,106,112024,60,100,3
+QSCAN: "LTE",405,19,1301,64,-124,-22,4,106,112024,60,100,3
+QSCAN: "LTE",405,868,38948,95,-125,-21,3,107,489A1B,60,100,40
+QSCAN: "LTE",405,868,38948,135,-119,-14,9,114,489A15,60,100,40
+QSCAN: "LTE",405,868,2500,437,-103,-11,25,117,489A32,60,50,5
+QSCAN: "LTE",405,868,38750,185,-117,-11,11,112,489A12,60,100,40
+QSCAN: "LTE",405,868,1251,74,-114,-19,14,110,489A25,60,50,3
+QSCAN: "LTE",404,70,515,353,-128,-17,-4,14,DD76C1F,2F8,75,1
+QSCAN: "LTE",404,70,3586,403,-130,-14,-6,30,DD76C17,2F8,25,8
+QSCAN: "LTE",404,60,265,485,-135,-20,-11,15,61F2A21,E87B,75,1
+QSCAN: "NR5G",405,868,632064,314,-128,-18,-10,1,0C0010032,60,78,78,34,2,-
+QSCAN: "NR5G",405,868,156750,227,-109,-11,8,0,0C0010012,60,52,28,20,2,-

OK

ERROR

ERROR

+QSCAN: "NR5G",405,868,156750,227,-111,-11,7,0,0C0010012,60,52,28,20,2,-
+QSCAN: "NR5G",405,868,634080,314,-121,-18,-4,1,0C0010002,60,273,78,36,2,-
+QSCAN: "NR5G",405,868,632064,314,-127,-18,-9,1,0C0010032,60,78,78,34,2,-

OK

+QSCAN: "LTE",404,70,3586,403,-131,-17,-7,28,DD76C17,2F8,25,8
+QSCAN: "LTE",404,70,515,353,-132,-20,-8,15,DD76C1F,2F8,75,1
+QSCAN: "LTE",405,868,1251,74,-113,-15,15,114,489A25,60,50,3
+QSCAN: "LTE",405,868,38750,185,-119,-15,10,113,489A12,60,100,40
+QSCAN: "LTE",405,868,2500,437,-103,-8,26,120,489A32,60,50,5
+QSCAN: "LTE",405,868,38948,95,-124,-18,4,110,489A1B,60,100,40
+QSCAN: "LTE",405,868,38948,135,-119,-15,9,113,489A15,60,100,40
+QSCAN: "LTE",405,868,1301,64,-123,-22,5,107,112024,60,100,3
+QSCAN: "LTE",405,19,1301,64,-123,-22,5,107,112024,60,100,3

OK

+QSCAN: "LTE",405,868,1301,64,-124,-23,4,106,112024,60,100,3
+QSCAN: "LTE",405,19,1301,64,-124,-23,4,106,112024,60,100,3
+QSCAN: "LTE",405,868,38948,95,-126,-22,2,107,489A1B,60,100,40
+QSCAN: "LTE",405,868,38948,135,-119,-15,10,113,489A15,60,100,40
+QSCAN: "LTE",405,868,2500,437,-103,-10,25,118,489A32,60,50,5
+QSCAN: "LTE",405,868,38750,185,-119,-15,9,114,489A12,60,100,40
+QSCAN: "LTE",405,868,1251,74,-113,-17,15,112,489A25,60,50,3
+QSCAN: "LTE",404,70,515,353,-131,-18,-6,16,DD76C1F,2F8,75,1
+QSCAN: "LTE",404,70,3586,403,-130,-16,-6,16,DD76C17,2F8,25,8

OK

+QSCAN: "LTE",404,70,3586,353,-129,-14,-5,15,DD76C15,2F8,25,8
+QSCAN: "LTE",404,70,515,353,-125,-14,-1,15,DD76C1F,2F8,75,1
+QSCAN: "LTE",405,868,1251,74,-113,-16,15,113,489A25,60,50,3
+QSCAN: "LTE",405,868,38750,34,-125,-21,3,107,489A18,60,100,40
+QSCAN: "LTE",405,868,38750,185,-119,-15,9,113,489A12,60,100,40
+QSCAN: "LTE",405,868,2500,437,-103,-8,25,120,489A32,60,50,5
+QSCAN: "LTE",405,868,38948,359,-123,-17,6,111,112014,60,100,40
+QSCAN: "LTE",405,868,38948,135,-119,-16,9,113,489A15,60,100,40
+QSCAN: "LTE",405,868,1301,64,-122,-22,7,106,112024,60,100,3
+QSCAN: "LTE",405,19,1301,64,-122,-22,7,106,112024,60,100,3

OK

+QSCAN: "LTE",405,868,1301,64,-123,-23,6,106,112024,60,100,3
+QSCAN: "LTE",405,19,1301,64,-123,-23,6,106,112024,60,100,3
+QSCAN: "LTE",405,868,38948,359,-124,-17,5,111,112014,60,100,40
+QSCAN: "LTE",405,868,38948,135,-119,-15,9,114,489A15,60,100,40
+QSCAN: "LTE",405,868,2500,437,-104,-9,25,119,489A32,60,50,5
+QSCAN: "LTE",405,868,38750,185,-117,-11,11,112,489A12,60,100,40
+QSCAN: "LTE",405,868,1251,74,-114,-15,15,114,489A25,60,50,3
+QSCAN: "LTE",404,70,515,352,-132,-19,-7,15,DD76C21,2F8,75,1
+QSCAN: "LTE",404,70,3586,403,-131,-16,-7,14,DD76C17,2F8,25,8

OK

+QSCAN: "NR5G",405,868,634080,314,-123,-18,-6,1,0C0010002,60,273,78,36,2,-
+QSCAN: "NR5G",405,868,632064,314,-130,-20,-12,1,0C0010032,60,78,78,34,2,-
+QSCAN: "NR5G",405,868,156750,227,-109,-11,8,0,0C0010012,60,52,28,20,2,-

OK

+QSCAN: "LTE",404,70,3586,403,-134,-19,-10,16,DD76C17,2F8,25,8
+QSCAN: "LTE",404,70,515,353,-133,-21,-9,13,DD76C1F,2F8,75,1
+QSCAN: "LTE",405,868,1251,74,-114,-17,15,112,489A25,60,50,3
+QSCAN: "LTE",405,868,38750,34,-124,-19,5,109,489A18,60,100,40
+QSCAN: "LTE",405,868,38750,185,-120,-15,9,113,489A12,60,100,40
+QSCAN: "LTE",405,868,2500,437,-103,-11,25,117,489A32,60,50,5
+QSCAN: "LTE",405,868,38948,95,-124,-19,4,110,489A1B,60,100,40
+QSCAN: "LTE",405,868,38948,135,-119,-15,9,113,489A15,60,100,40
+QSCAN: "LTE",405,868,1301,64,-127,-26,1,103,112024,60,100,3
+QSCAN: "LTE",405,19,1301,64,-127,-26,1,103,112024,60,100,3
+QSCAN: "LTE",404,60,265,485,-135,-19,-10,15,61F2A21,E87B,75,1
+QSCAN: "LTE",404,70,39348,48,-132,-19,-7,16,7BCEC53,2F8,100,40
+QSCAN: "NR5G",405,868,156750,227,-110,-11,7,0,0C0010012,60,52,28,20,2,-

OK

+QSCAN: "LTE",405,868,1301,64,-123,-22,5,106,112024,60,100,3
+QSCAN: "LTE",405,19,1301,64,-123,-22,5,106,112024,60,100,3
+QSCAN: "LTE",405,868,38948,359,-122,-17,7,111,112014,60,100,40
+QSCAN: "LTE",405,868,38948,135,-120,-15,9,113,489A15,60,100,40
+QSCAN: "LTE",405,868,2500,437,-103,-7,25,121,489A32,60,50,5
+QSCAN: "LTE",405,868,38750,185,-118,-12,10,113,489A12,60,100,40
+QSCAN: "LTE",405,868,1251,74,-113,-14,16,115,489A25,60,50,3
+QSCAN: "LTE",404,70,515,353,-127,-16,-3,15,DD76C1F,2F8,75,1
+QSCAN: "LTE",404,70,3586,353,-136,-21,-12,14,DD76C15,2F8,25,8
+QSCAN: "NR5G",405,868,156750,227,-110,-11,7,0,0C0010012,60,52,28,20,2,-

OK

+QSCAN: "LTE",404,70,3586,353,-131,-15,-7,30,DD76C15,2F8,25,8
+QSCAN: "LTE",404,70,515,353,-126,-14,-2,15,DD76C1F,2F8,75,1
+QSCAN: "LTE",405,868,1251,74,-113,-15,15,114,489A25,60,50,3
+QSCAN: "LTE",405,868,38750,185,-119,-12,9,113,489A12,60,100,40
+QSCAN: "LTE",405,868,2500,437,-103,-8,25,121,489A32,60,50,5
+QSCAN: "LTE",405,868,38948,359,-121,-17,8,112,112014,60,100,40
+QSCAN: "LTE",405,868,38948,135,-120,-16,9,113,489A15,60,100,40
+QSCAN: "LTE",405,868,1301,64,-123,-17,5,106,112024,60,100,3
+QSCAN: "LTE",405,19,1301,64,-123,-17,5,106,112024,60,100,3
+QSCAN: "NR5G",405,868,156750,227,-111,-11,7,0,0C0010012,60,52,28,20,2,-

OK

+QSCAN: "LTE",405,868,1301,64,-123,-22,6,107,112024,60,100,3
+QSCAN: "LTE",405,19,1301,64,-123,-22,6,107,112024,60,100,3
+QSCAN: "LTE",405,868,38948,95,-126,-22,3,107,489A1B,60,100,40
+QSCAN: "LTE",405,868,38948,135,-119,-16,9,113,489A15,60,100,40
+QSCAN: "LTE",405,868,2500,437,-103,-11,25,118,489A32,60,50,5
+QSCAN: "LTE",405,868,38750,185,-118,-12,10,113,489A12,60,100,40
+QSCAN: "LTE",405,868,1251,74,-113,-14,15,114,489A25,60,50,3
+QSCAN: "LTE",404,70,515,353,-133,-20,-9,15,DD76C1F,2F8,75,1
+QSCAN: "LTE",404,70,3586,403,-126,-11,-1,24,DD76C17,2F8,25,8
+QSCAN: "NR5G",405,868,156750,227,-111,-11,6,0,0C0010012,60,52,28,20,2,-

OK

+QSCAN: "LTE",404,70,3586,403,-134,-18,-10,17,DD76C17,2F8,25,8
+QSCAN: "LTE",404,70,515,353,-125,-14,-1,15,DD76C1F,2F8,75,1
+QSCAN: "LTE",405,868,1251,74,-113,-16,15,112,489A25,60,50,3
+QSCAN: "LTE",405,868,38750,185,-119,-11,9,113,489A12,60,100,40
+QSCAN: "LTE",405,868,2500,437,-103,-10,25,119,489A32,60,50,5
+QSCAN: "LTE",405,868,38948,95,-125,-21,4,108,489A1B,60,100,40
+QSCAN: "LTE",405,868,38948,135,-120,-16,9,113,489A15,60,100,40
+QSCAN: "LTE",405,868,1301,64,-123,-24,6,105,112024,60,100,3
+QSCAN: "LTE",405,19,1301,64,-123,-24,6,105,112024,60,100,3
+QSCAN: "NR5G",405,868,156750,227,-111,-11,7,0,0C0010012,60,52,28,20,2,-

OK

+QSCAN: "LTE",405,868,1301,64,-122,-22,7,107,112024,60,100,3
+QSCAN: "LTE",405,19,1301,64,-122,-22,7,107,112024,60,100,3
+QSCAN: "LTE",405,868,38948,135,-119,-11,9,114,489A15,60,100,40
+QSCAN: "LTE",405,868,2500,437,-103,-10,25,119,489A32,60,50,5
+QSCAN: "LTE",405,868,38750,185,-119,-16,9,112,489A12,60,100,40
+QSCAN: "LTE",405,868,1251,74,-114,-15,15,113,489A25,60,50,3
+QSCAN: "LTE",404,70,515,353,-126,-15,-2,15,DD76C1F,2F8,75,1
+QSCAN: "LTE",404,70,3586,403,-126,-11,-1,24,DD76C17,2F8,25,8
+QSCAN: "NR5G",405,868,156750,227,-111,-11,6,0,0C0010012,60,52,28,20,2,-

OK

ERROR
AT+QSCAN=1,1
+QSCAN: "LTE",405,868,1251,74,-116,-17,13,112,489A25,60,50,3
+QSCAN: "LTE",405,868,38948,359,-121,-15,8,113,112014,60,100,40
+QSCAN: "LTE",405,868,38948,135,-119,-14,10,114,489A15,60,100,40
+QSCAN: "LTE",405,868,2500,437,-106,-9,22,120,489A32,60,50,5
+QSCAN: "LTE",405,868,38750,185,-118,-12,10,113,489A12,60,100,40
+QSCAN: "LTE",404,70,3586,403,-129,-13,-5,14,DD76C17,2F8,25,8

OK
AT+QSCAN=1,1
+QSCAN: "LTE",404,70,3586,403,-133,-18,-9,16,DD76C17,2F8,25,8
+QSCAN: "LTE",405,868,38750,185,-117,-13,11,111,489A12,60,100,40
+QSCAN: "LTE",405,868,2500,437,-106,-8,23,121,489A32,60,50,5
+QSCAN: "LTE",405,868,38948,359,-120,-17,9,112,112014,60,100,40
+QSCAN: "LTE",405,868,38948,135,-119,-15,9,113,489A15,60,100,40

OK
AT+QSCAN=1,1
+QSCAN: "LTE",405,868,38948,359,-120,-17,8,111,112014,60,100,40
+QSCAN: "LTE",405,868,38948,135,-119,-15,10,113,489A15,60,100,40
+QSCAN: "LTE",405,868,2500,437,-105,-7,23,121,489A32,60,50,5
+QSCAN: "LTE",405,868,38750,185,-119,-13,9,113,489A12,60,100,40
+QSCAN: "LTE",404,70,3586,403,-134,-19,-9,16,DD76C17,2F8,25,8
+QSCAN: "LTE",405,868,1251,74,-116,-17,12,112,489A25,60,50,3
+QSCAN: "LTE",404,70,1551,353,-136,-23,-11,12,DD76C01,2F8,50,3
+QSCAN: "LTE",404,70,515,352,-129,-17,-5,14,DD76C21,2F8,75,1

OK
AT+QSCAN=3,1AT+QNWPREFCFG =nr5g_band,1:2:3:5:7:8:12:13:14:18:20:25:26:28:29:30:38:40:41:48:66:70:71:75:76:77:78:79
ERROR
AT+QSCAN=2,1
+QSCAN: "NR5G",405,868,632064,314,-126,-17,-8,1,0C0010032,60,78,78,34,2,-
+QSCAN: "NR5G",405,868,156750,227,-116,-11,2,0,0C0010012,60,52,28,20,2,-

OK
AT+QSCAN=2,1
+QSCAN: "NR5G",405,868,156750,227,-117,-12,1,0,0C0010012,60,52,28,20,2,-

OK
AT+QSCAN=3,1
+QSCAN: "LTE",404,70,515,353,-130,-17,-6,15,DD76C1F,2F8,75,1
+QSCAN: "LTE",405,868,1251,74,-116,-17,13,112,489A25,60,50,3
+QSCAN: "LTE",404,70,3586,403,-132,-18,-8,17,DD76C17,2F8,25,8
+QSCAN: "LTE",405,868,38750,185,-118,-13,10,112,489A12,60,100,40
+QSCAN: "LTE",405,868,2500,437,-103,-9,25,117,489A32,60,50,5
+QSCAN: "LTE",405,868,38948,359,-121,-17,7,112,112014,60,100,40
+QSCAN: "LTE",405,868,38948,135,-120,-13,9,115,489A15,60,100,40
+QSCAN: "LTE",405,868,1301,64,-124,-20,5,109,112024,60,100,3
+QSCAN: "LTE",405,19,1301,64,-124,-20,5,109,112024,60,100,3
+QSCAN: "NR5G",405,868,632064,314,-126,-16,-8,1,0C0010032,60,78,78,34,2,-
+QSCAN: "NR5G",405,868,156750,227,-116,-12,1,0,0C0010012,60,52,28,20,2,-

OK
AT+QSCAN=3,1
+QSCAN: "LTE",405,868,1301,64,-124,-20,5,108,112024,60,100,3
+QSCAN: "LTE",405,19,1301,64,-124,-20,5,108,112024,60,100,3
+QSCAN: "LTE",405,868,38948,359,-121,-19,8,110,112014,60,100,40
+QSCAN: "LTE",405,868,38948,135,-119,-16,9,113,489A15,60,100,40
+QSCAN: "LTE",405,868,2500,437,-105,-7,23,121,489A32,60,50,5
+QSCAN: "LTE",405,868,38750,34,-121,-17,8,111,489A18,60,100,40
+QSCAN: "LTE",405,868,38750,185,-119,-16,9,113,489A12,60,100,40
+QSCAN: "LTE",405,868,1251,74,-117,-17,11,111,489A25,60,50,3
+QSCAN: "LTE",404,70,515,353,-131,-18,-7,15,DD76C1F,2F8,75,1
+QSCAN: "NR5G",405,868,156750,227,-116,-11,1,0,0C0010012,60,52,28,20,2,-

OK
AT+QNWPREFCFG =nr5g_band,1
ERROR
AT+QNWPREFCFG =nr5g_band,3
ERROR
